21 661
41 661
61 661
81 661
101 661
121 661
141 661
161 661
181 661
201 661
221 661
121 641
141 641
81 641
101 641
61 641
181 641
201 641
21 641
21 621
61 621
81 621
81 601
101 601
121 601
141 601
121 621
101 621
41 621
21 601
41 601
61 601
181 601
181 621
161 641
161 621
21 561
41 561
21 581
41 581
21 661
41 661
61 661
81 661
101 661
121 661
141 661
161 661
181 661
201 661
221 661
241 661
261 661
281 661
301 661
321 661
21 661
41 661
61 661
81 661
101 661
121 661
141 661
161 661
181 661
201 661
221 661
241 661
261 661
281 661
301 661
321 661
