21 661
31 661
41 661
51 661
61 661
71 661
81 661
91 661
101 661
111 661
121 661
21 661
31 661
41 661
51 661
61 661
71 661
81 661
91 661
101 661
111 661
121 661
131 661
141 661
151 661
161 661
171 661
111 644
121 644
161 644
71 644
81 644
131 644
141 644
151 644
151 627
161 627
141 627
61 644
51 628
91 644
101 644
21 644
31 644
21 661
31 661
41 661
51 661
61 661
71 661
81 661
91 661
101 661
111 661
121 661
131 661
141 661
151 661
161 661
171 661
181 661
191 661
201 661
211 661
221 661
81 627
81 610
91 627
201 644
211 644
21 627
31 610
31 627
111 627
101 627
201 627
211 627
191 644
101 610
91 610
91 593
111 610
111 593
121 627
131 610
131 627
171 644
181 644
201 593
211 593
201 610
211 610
201 559
211 559
201 576
211 576
51 627
41 644
41 627
181 627
191 610
191 627
61 627
71 593
71 610
71 627
21 661
31 661
41 661
51 661
61 661
71 661
81 661
91 661
101 661
111 661
121 661
131 661
141 661
151 661
161 661
171 661
181 661
191 661
201 661
211 661
221 661
231 661
241 661
251 661
261 661
271 661
281 661
291 661
301 661
311 661
321 661
300 3 30 35 6